0.50  0.90  0.30  0.30  1.40  0.30  0.60  1.30  0.30  1.30  1.10  0.40  0.50  0.50  0.50  0.40  0.60  1.10  1.40  1.30
0.90  9.60  0.60  0.50  2.60  0.70  1.80  1.80  0.60  1.70  1.50  0.70  1.00  0.80  0.80  0.80  0.80  1.70  2.70  2.20
0.30  0.60  0.50  0.30  0.50  0.40  1.10  0.50  1.00  0.40  0.50  0.70  0.40  0.50  1.50  0.60  0.50  0.40  1.10  1.20
0.30  0.40  0.40  0.40  0.80  0.30  1.00  0.60  1.10  0.60  0.70  0.60  0.50  0.60  1.50  0.50  0.60  0.50  1.20  1.30
1.40  2.40  0.60  0.70  4.30  0.90  1.40  3.30  0.70  3.20  2.80  0.80  1.30  1.10  1.40  0.90  1.10  2.60  4.10  3.10
0.40  0.60  0.40  0.30  1.00  0.40  0.60  0.60  0.50  0.60  0.70  0.60  0.40  0.50  0.70  0.40  0.50  0.60  1.10  1.00
0.70  1.50  1.40  1.10  1.20  0.70  2.20  1.10  0.70  1.20  1.60  0.80  0.60  0.90  1.10  1.00  1.00  0.90  2.30  1.90
1.40  1.70  0.50  0.60  3.40  0.60  1.10  3.50  0.60  3.20  2.60  0.60  0.90  0.80  1.00  0.70  1.10  2.70  3.20  2.80
0.30  0.60  1.00  1.10  0.80  0.40  0.60  0.60  0.30  0.60  0.60  0.60  0.40  0.70  0.50  0.50  0.50  0.50  0.90  1.10
1.20  1.60  0.40  0.60  3.70  0.60  1.10  3.30  0.60  3.30  2.70  0.60  0.90  0.90  1.00  0.60  1.00  2.60  3.40  2.50
1.10  1.60  0.50  0.50  3.40  0.60  1.40  2.40  0.50  2.50  2.90  0.80  1.00  1.00  1.00  0.70  0.80  2.20  3.60  2.80
0.40  0.70  0.70  0.60  0.80  0.60  0.90  0.60  0.60  0.60  0.90  0.90  0.70  0.90  1.00  0.60  0.80  0.60  1.30  1.20
0.50  1.00  0.50  0.50  1.40  0.30  1.00  0.80  0.40  0.90  1.10  0.70  0.70  0.70  0.90  0.50  0.60  0.80  2.20  1.70
0.40  0.80  0.60  0.50  1.10  0.60  1.00  0.80  0.70  0.80  0.90  0.80  0.70  0.80  1.60  0.50  0.80  0.70  1.50  1.20
0.50  0.90  1.70  1.60  1.50  0.70  1.40  1.10  0.50  1.10  1.10  1.00  0.90  1.00  1.00  0.90  0.90  1.00  1.90  1.90
0.30  0.60  0.50  0.50  0.80  0.30  0.90  0.60  0.50  0.60  0.60  0.60  0.40  0.70  0.70  0.40  0.60  0.60  1.20  0.90
0.50  0.90  0.60  0.70  1.10  0.40  1.00  1.10  0.60  1.00  1.00  0.60  0.60  0.80  0.90  0.70  0.80  0.90  1.40  1.20
1.10  1.40  0.40  0.60  3.00  0.50  1.00  2.60  0.60  2.80  2.20  0.60  0.80  0.80  0.80  0.70  0.90  2.40  2.30  2.00
1.30  2.40  1.20  1.00  3.60  1.10  2.30  3.00  1.20  3.70  3.70  1.00  1.90  1.60  1.80  1.10  1.10  2.70  4.20  3.40
1.20  1.80  1.10  1.20  3.30  0.90  1.90  2.20  1.20  2.20  2.60  1.00  1.50  1.30  1.60  1.00  1.10  2.00  3.00  2.50